000000
000002
000003
000004
000005
000007
000008
000010
000012
000017
000018
000020
000021
000024
000030
000031
000032
000033
000034
000035
000036
000038
000040
000042
000044
000045
000046
000047
000049
000050
000051
000052
000053
000055
000056
000057
000060
000062
000064
000065
000066
000068
000069
000073
000076
000077
000079
000081
000083
000084
000085
000086
000087
000089
000093
000094
000095
000099
000100
000102
000109
000110
000111
000112
000114
000116
000118
000121
000122
000123
000124
000125
000126
000132
000133
000135
000136
000142
000143
000144
000145
000146
000147
